1.000000000 0.000000000 0.000000000 0.000000000 0.000000000 1.000000000 0.000000000 0.000000000 0.000000000 0.000000000 1.000000000 0.000000000
0.999999881 -0.000520212 0.000064756 0.000114766 0.000520211 0.999999881 0.000011693 -0.000046287 -0.000064762 -0.000011659 1.000000000 0.000044821
1.000000000 -0.000104406 0.000102774 -0.000020788 0.000104411 1.000000000 -0.000046900 -0.000024417 -0.000102770 0.000046911 1.000000000 -0.000025013
1.000000000 0.000145479 0.000163728 -0.000105402 -0.000145448 1.000000000 -0.000192417 0.000072891 -0.000163756 0.000192393 0.999999940 -0.000048075
0.999999940 -0.000280314 -0.000041338 0.000016552 0.000280311 0.999999940 -0.000060227 -0.000089604 0.000041355 0.000060216 1.000000000 -0.000158113
1.000000000 -0.000101762 0.000099455 -0.000009949 0.000101770 1.000000000 -0.000075286 0.000053342 -0.000099447 0.000075296 1.000000000 -0.000018782
1.000000000 -0.000009236 0.000136701 -0.000108750 0.000009248 1.000000000 -0.000086998 -0.000029315 -0.000136700 0.000086999 1.000000000 -0.000141791
0.999999702 -0.000744131 -0.000070863 0.000186404 0.000744138 0.999999702 0.000093449 -0.000106046 0.000070793 -0.000093501 1.000000000 0.000032430
0.999999762 -0.000650265 0.000167465 0.000024530 0.000650264 0.999999762 0.000002175 -0.000118998 -0.000167466 -0.000002066 1.000000000 -0.000119812
0.999999881 -0.000489824 0.000118654 0.000081032 0.000489824 0.999999881 0.000000820 0.000009054 -0.000118654 -0.000000762 1.000000000 0.000165391
0.999999940 -0.000233372 0.000244394 -0.000060200 0.000233359 1.000000000 0.000053251 -0.000112889 -0.000244407 -0.000053194 0.999999940 -0.000093978
0.999999881 -0.000427557 0.000110811 -0.000005953 0.000427553 0.999999881 0.000039093 -0.000089862 -0.000110828 -0.000039046 1.000000000 -0.000140215
0.999999881 -0.000452234 0.000127824 0.000024890 0.000452236 0.999999881 -0.000015715 0.000017662 -0.000127817 0.000015773 1.000000000 0.000042588
0.999999940 -0.000249049 0.000108182 -0.000010009 0.000249036 0.999999940 0.000123411 -0.000106776 -0.000108213 -0.000123384 1.000000000 -0.000074710
0.999999762 -0.000715381 0.000074423 0.000051250 0.000715365 0.999999702 0.000204125 -0.000281173 -0.000074569 -0.000204072 1.000000000 -0.000157265
1.000000000 -0.000096147 0.000151252 -0.000072061 0.000096132 1.000000000 0.000097593 -0.000141884 -0.000151261 -0.000097579 1.000000000 -0.000143720
0.999999881 -0.000487216 0.000194786 -0.000016010 0.000487132 0.999999762 0.000430014 -0.000275594 -0.000194995 -0.000429919 0.999999881 -0.000042131
1.000000000 -0.000016232 0.000131818 -0.000134376 0.000016214 1.000000000 0.000137496 -0.000086979 -0.000131820 -0.000137494 1.000000000 -0.000140522
0.999999881 -0.000506255 -0.000045223 0.000096339 0.000506254 0.999999881 -0.000017833 -0.000088091 0.000045232 0.000017810 1.000000000 -0.000094983
0.999999940 -0.000334449 -0.000012834 0.000071105 0.000334450 0.999999940 0.000065652 -0.000028289 0.000012812 -0.000065656 1.000000000 0.000053140
1.000000000 -0.000212293 0.000073119 0.000017269 0.000212284 0.999999940 0.000122296 -0.000035177 -0.000073145 -0.000122281 1.000000000 -0.000007498
0.999999940 -0.000293429 -0.000010225 0.000111506 0.000293429 0.999999940 -0.000070497 0.000055422 0.000010246 0.000070494 1.000000000 0.000043657
0.999999881 -0.000536417 0.000002021 0.000124158 0.000536417 0.999999881 0.000025287 -0.000076711 -0.000002034 -0.000025286 1.000000000 -0.000009298
0.999999940 -0.000346850 0.000068212 0.000046740 0.000346840 0.999999940 0.000151516 -0.000077634 -0.000068265 -0.000151492 1.000000000 -0.000031058
0.999999940 -0.000403504 0.000032496 0.000056877 0.000403502 0.999999940 0.000051802 -0.000110986 -0.000032517 -0.000051789 1.000000000 -0.000084983
0.999999881 -0.000504611 0.000043976 -0.000002595 0.000504606 0.999999881 0.000107334 -0.000285603 -0.000044030 -0.000107312 1.000000000 -0.000384713
0.999999821 -0.000629682 -0.000089214 0.000115852 0.000629678 0.999999821 -0.000040391 -0.000187959 0.000089240 0.000040335 1.000000000 -0.000282583
0.999999762 -0.000670776 0.000027630 0.000055336 0.000670775 0.999999762 0.000040747 -0.000202894 -0.000027658 -0.000040728 1.000000000 -0.000256847
0.999999762 -0.000654233 0.000069772 0.000108191 0.000654219 0.999999762 0.000202654 -0.000169114 -0.000069905 -0.000202608 1.000000000 -0.000065634
0.999999881 -0.000437044 0.000063626 0.000067769 0.000437047 0.999999881 -0.000045628 -0.000013007 -0.000063606 0.000045655 1.000000000 0.000021338
0.999999940 -0.000295526 0.000076538 0.000004364 0.000295523 0.999999940 0.000038492 -0.000093212 -0.000076550 -0.000038470 1.000000000 -0.000124699
0.999999821 -0.000618088 0.000017145 0.000071835 0.000618086 0.999999821 0.000121455 -0.000165692 -0.000017220 -0.000121444 1.000000000 -0.000138364
0.999999940 -0.000291706 0.000090189 0.000014945 0.000291709 0.999999940 -0.000034483 -0.000063464 -0.000090179 0.000034510 1.000000000 -0.000095330
0.999999940 -0.000255630 0.000121030 0.000009075 0.000255645 0.999999940 -0.000123822 -0.000026762 -0.000120999 0.000123853 1.000000000 -0.000138562
0.999999881 -0.000520034 0.000032422 0.000075341 0.000520028 0.999999881 0.000164216 -0.000141580 -0.000032507 -0.000164199 1.000000000 -0.000019416
0.999999881 -0.000474792 0.000008779 0.000026319 0.000474791 0.999999881 0.000048123 -0.000166158 -0.000008802 -0.000048119 1.000000000 -0.000167957
0.999999881 -0.000487670 0.000020467 0.000045183 0.000487670 0.999999881 -0.000010109 -0.000134755 -0.000020462 0.000010119 1.000000000 -0.000142741
0.999999940 -0.000260563 0.000087484 -0.000016576 0.000260560 0.999999940 0.000038432 -0.000113025 -0.000087494 -0.000038409 1.000000000 -0.000178983
0.999999821 -0.000612597 0.000032003 0.000070329 0.000612593 0.999999821 0.000107294 -0.000169180 -0.000032068 -0.000107275 1.000000000 -0.000077440
0.999999881 -0.000428722 0.000000781 0.000087583 0.000428722 0.999999881 0.000174976 -0.000176989 -0.000000856 -0.000174975 1.000000000 -0.000077050
1.000000000 0.000038323 0.000121231 -0.000104851 -0.000038323 1.000000000 0.000006907 -0.000111288 -0.000121231 -0.000006911 1.000000000 -0.000200316
0.999999940 -0.000248749 0.000162628 -0.000046921 0.000248742 0.999999940 0.000046303 -0.000109565 -0.000162640 -0.000046262 1.000000000 -0.000132514
0.999999881 -0.000508573 0.000104014 0.000026818 0.000508552 0.999999821 0.000203065 -0.000131661 -0.000104117 -0.000203012 1.000000000 -0.000037001
0.999999940 -0.000316602 -0.000015430 0.000022197 0.000316602 0.999999940 0.000032136 -0.000143989 0.000015419 -0.000032141 1.000000000 -0.000178300
0.999999881 -0.000460068 0.000082827 0.000033835 0.000460052 0.999999881 0.000192204 -0.000206314 -0.000082915 -0.000192166 1.000000000 -0.000128148
0.999999821 -0.000579875 -0.000022089 0.000080741 0.000579878 0.999999821 0.000143877 -0.000149503 0.000022006 -0.000143890 1.000000000 -0.000159182
0.999999821 -0.000591990 0.000005367 0.000063262 0.000591989 0.999999821 0.000223763 -0.000235641 -0.000005499 -0.000223760 1.000000000 -0.000182108
0.999999940 -0.000415739 0.000067911 0.000004846 0.000415725 0.999999881 0.000195477 -0.000207627 -0.000067993 -0.000195449 1.000000000 -0.000153296
1.000000000 -0.000189736 -0.000029636 0.000024314 0.000189739 1.000000000 0.000090306 -0.000084179 0.000029618 -0.000090311 1.000000000 -0.000159892
0.999999940 -0.000324675 -0.000038305 -0.000016551 0.000324673 0.999999940 -0.000041790 -0.000063977 0.000038318 0.000041777 1.000000000 -0.000216107
0.999999762 -0.000639728 0.000119914 -0.000010185 0.000639701 0.999999762 0.000231608 -0.000282966 -0.000120062 -0.000231532 0.999999940 -0.000258118
0.999999702 -0.000766081 0.000085240 -0.000035147 0.000766058 0.999999642 0.000273841 -0.000384043 -0.000085450 -0.000273776 0.999999940 -0.000447781
0.999999940 -0.000282893 0.000202161 -0.000086240 0.000282817 0.999999881 0.000375700 -0.000269964 -0.000202267 -0.000375643 0.999999881 -0.000113118
0.999999702 -0.000778589 0.000103836 -0.000068289 0.000778569 0.999999702 0.000197373 -0.000424026 -0.000103990 -0.000197292 1.000000000 -0.000688986
1.000000000 -0.000051568 0.000108063 -0.000204406 0.000051543 1.000000000 0.000224790 -0.000289815 -0.000108074 -0.000224785 0.999999940 -0.000593973
0.999999821 -0.000570564 0.000005309 -0.000088998 0.000570563 0.999999821 0.000198481 -0.000478455 -0.000005422 -0.000198478 1.000000000 -0.000712624
0.999999940 -0.000115019 0.000273635 -0.000268902 0.000114963 1.000000000 0.000206946 -0.000467516 -0.000273658 -0.000206915 0.999999940 -0.000727135
0.999999881 -0.000469514 0.000033137 -0.000032428 0.000469514 0.999999881 0.000008650 -0.000242412 -0.000033141 -0.000008634 1.000000000 -0.000434896
0.999999762 -0.000681970 0.000240984 0.000055327 0.000681957 0.999999762 0.000052610 -0.000155855 -0.000241020 -0.000052446 0.999999940 0.000129770
0.999999940 -0.000306414 0.000198212 0.000313931 0.000306457 0.999999940 -0.000215930 0.000392178 -0.000198146 0.000215990 0.999999940 0.000934408
0.999999940 0.000032078 0.000309319 0.000189265 -0.000031927 0.999999881 -0.000490699 0.000570734 -0.000309335 0.000490689 0.999999821 0.000889375
0.999999881 0.000353187 0.000265534 0.000149444 -0.000353043 0.999999821 -0.000538976 0.000691420 -0.000265724 0.000538882 0.999999821 0.001090326
0.999999940 0.000160834 0.000185628 0.000043192 -0.000160790 0.999999940 -0.000236021 0.000256512 -0.000185666 0.000235991 0.999999940 0.000502896
0.999999940 -0.000230294 0.000109479 -0.000027570 0.000230291 1.000000000 0.000025445 -0.000066257 -0.000109485 -0.000025420 1.000000000 -0.000007261
1.000000000 -0.000163246 -0.000022721 0.000166277 0.000163244 1.000000000 -0.000111640 0.000239897 0.000022739 0.000111636 1.000000000 0.000477588
0.999999940 -0.000307785 0.000050183 0.000081968 0.000307787 0.999999940 -0.000048629 0.000054901 -0.000050168 0.000048645 1.000000000 0.000090808
1.000000000 -0.000174599 -0.000029226 0.000010633 0.000174602 1.000000000 0.000109688 -0.000079473 0.000029207 -0.000109693 1.000000000 -0.000046293
1.000000000 -0.000216939 0.000093253 0.000053924 0.000216938 1.000000000 0.000019311 0.000000273 -0.000093257 -0.000019290 1.000000000 0.000081902
0.999999940 -0.000348930 0.000193474 0.000057595 0.000348933 0.999999940 -0.000011323 0.000042992 -0.000193470 0.000011390 1.000000000 0.000176244
1.000000000 -0.000037547 0.000165327 -0.000060618 0.000037569 1.000000000 -0.000133169 0.000027640 -0.000165322 0.000133176 1.000000000 -0.000017269
1.000000000 0.000081531 0.000127949 0.000102712 -0.000081513 1.000000000 -0.000138519 0.000342672 -0.000127961 0.000138508 1.000000000 0.000575809
0.999999940 -0.000213213 0.000169812 0.000024805 0.000213205 1.000000000 0.000048146 -0.000002014 -0.000169823 -0.000048110 1.000000000 0.000074956
0.999999940 0.000279699 0.000102347 0.000112008 -0.000279676 0.999999940 -0.000221444 0.000434136 -0.000102409 0.000221415 1.000000000 0.000544808
0.999999821 -0.000604535 -0.000033681 0.000045609 0.000604543 0.999999762 0.000242567 -0.000349719 0.000033535 -0.000242588 0.999999940 -0.000248484
0.999999881 -0.000444350 0.000244936 -0.000064590 0.000444343 0.999999881 0.000026569 -0.000146447 -0.000244948 -0.000026460 0.999999940 -0.000128273
0.999999940 -0.000241760 0.000035193 0.000052041 0.000241758 0.999999940 0.000063196 -0.000107531 -0.000035208 -0.000063187 1.000000000 -0.000058143
0.999999940 -0.000242879 0.000176762 -0.000060269 0.000242887 0.999999940 -0.000042429 -0.000104904 -0.000176751 0.000042472 1.000000000 -0.000182043
1.000000000 -0.000205143 0.000085569 -0.000000846 0.000205152 1.000000000 -0.000106568 0.000008677 -0.000085547 0.000106586 1.000000000 -0.000086533
0.999999642 -0.000822670 0.000080112 -0.000033550 0.000822659 0.999999642 0.000128533 -0.000339928 -0.000080218 -0.000128467 1.000000000 -0.000394867
0.999999940 -0.000196998 0.000155614 -0.000087183 0.000197018 1.000000000 -0.000125860 -0.000069140 -0.000155589 0.000125891 1.000000000 -0.000156818
0.999999940 -0.000164801 0.000327160 -0.000059234 0.000164888 0.999999940 -0.000267079 0.000034479 -0.000327116 0.000267133 0.999999940 -0.000007661
1.000000000 0.000037412 0.000211791 -0.000082435 -0.000037407 1.000000000 -0.000026521 -0.000057318 -0.000211792 0.000026513 1.000000000 -0.000139273
0.999999940 -0.000297020 0.000287228 -0.000290942 0.000297000 0.999999940 0.000070918 -0.000432323 -0.000287249 -0.000070833 0.999999940 -0.000688513
0.999999940 0.000056689 0.000387641 -0.000223164 -0.000056713 1.000000000 0.000062903 -0.000158653 -0.000387637 -0.000062925 0.999999940 -0.000302525
0.999999881 0.000308387 0.000310257 -0.000088746 -0.000308335 0.999999940 -0.000166402 0.000189681 -0.000310308 0.000166307 0.999999940 0.000250106
0.999999762 0.000539732 0.000395119 -0.000723893 -0.000539802 0.999999821 0.000177427 -0.000617903 -0.000395024 -0.000177640 0.999999881 -0.001284300
0.999999940 -0.000279917 0.000260001 -0.000043970 0.000279938 0.999999940 -0.000080361 -0.000034340 -0.000259979 0.000080434 0.999999940 -0.000058383
0.999999940 0.000137339 0.000270076 0.000137122 -0.000137264 0.999999940 -0.000279804 0.000620931 -0.000270115 0.000279767 0.999999940 0.000793828
0.999999881 -0.000256803 0.000423336 -0.000500047 0.000256719 0.999999940 0.000198621 -0.000398849 -0.000423387 -0.000198512 0.999999881 -0.000391018
0.999999881 -0.000368779 0.000280932 0.000011878 0.000368721 0.999999881 0.000207296 -0.000386934 -0.000281008 -0.000207192 0.999999940 0.000306456
0.999999821 0.000360516 0.000415097 -0.000356775 -0.000360383 0.999999881 -0.000320756 0.000388045 -0.000415213 0.000320607 0.999999881 0.000458096
0.999999762 0.000465775 0.000488776 -0.000632670 -0.000465702 0.999999881 -0.000149502 -0.000851344 -0.000488845 0.000149274 0.999999881 0.000191355
0.999999821 0.000491464 0.000405575 -0.000242598 -0.000491407 0.999999881 -0.000138904 -0.000500473 -0.000405644 0.000138705 0.999999881 -0.000169067
0.999999940 -0.000148320 0.000360137 -0.000627139 0.000148326 1.000000000 -0.000017771 -0.000378303 -0.000360135 0.000017825 0.999999940 -0.000720350
0.999999583 0.000848289 0.000321349 0.000350348 -0.000848045 0.999999344 -0.000757842 0.000835972 -0.000321992 0.000757569 0.999999642 0.000927833
0.999999702 0.000646394 0.000366165 0.000546997 -0.000646059 0.999999344 -0.000913437 0.001086000 -0.000366755 0.000913201 0.999999523 0.001587830
0.999999642 0.000541996 0.000647146 -0.001241095 -0.000541486 0.999999523 -0.000787904 0.001776587 -0.000647573 0.000787553 0.999999464 -0.000851531
0.999998093 -0.000001386 0.001945226 -0.008731524 0.000004953 0.999998331 -0.001833681 0.007194429 -0.001945220 0.001833687 0.999996424 0.000807186
0.999997973 -0.001944344 -0.000477991 -0.016173556 0.001944031 0.999997914 -0.000653180 0.001869001 0.000479260 0.000652250 0.999999702 -0.004283091
0.999027312 -0.003490457 -0.043957271 -0.031661633 0.003369218 0.999990344 -0.002831894 0.004370922 0.043966729 0.002681038 0.999029398 0.039261583
0.996767759 -0.008289587 -0.079908550 -0.048932236 0.007994024 0.999959946 -0.004017962 0.004743652 0.079938658 0.003366184 0.996794105 0.070144348
0.995848954 -0.017190019 -0.089383215 -0.099073276 0.017600719 0.999837816 0.003808597 -0.029585242 0.089303248 -0.005365996 0.995990038 0.055733513
0.995591521 -0.017837491 -0.092083298 -0.098003216 0.018335581 0.999821484 0.004565892 -0.027296867 0.091985412 -0.006234164 0.995740831 0.050692406
0.995434701 -0.015522704 -0.094174296 -0.081201129 0.016033968 0.999860525 0.004674611 -0.025015900 0.094088599 -0.006163258 0.995544732 0.068113014
0.997891843 -0.014683210 -0.063215852 -0.091510668 0.015090659 0.999868274 0.005972701 -0.029433336 0.063119829 -0.006914079 0.997982025 0.029314883
0.999882698 -0.011702343 0.009883415 -0.107793972 0.011658195 0.999921858 0.004512609 -0.025325714 -0.009935451 -0.004396857 0.999940991 0.020355118
0.998944998 -0.007617337 0.045286786 0.048201356 0.008443827 0.999800742 -0.018086938 0.017437825 -0.045139991 0.018450249 0.998810291 -0.019342011
0.996177137 -0.023610542 0.084105335 0.077913091 0.026534839 0.999075532 -0.033822868 0.048380680 -0.083229005 0.035925288 0.995882690 -0.037873179
0.989718258 -0.030965010 0.139638782 0.132195473 0.035095926 0.999013245 -0.027217552 0.048306413 -0.138658196 0.031838458 0.989828348 -0.096303955
0.985141993 -0.032496810 0.168639377 0.151690990 0.037418798 0.998959005 -0.026090274 0.040656921 -0.167615965 0.032012906 0.985332489 -0.119792737
0.983101308 -0.024977574 0.181350231 0.150740653 0.035142563 0.997972965 -0.053056221 0.033305194 -0.179657400 0.058532752 0.981986344 -0.122005396
0.977683961 -0.003100625 0.210058123 0.134445921 0.026293185 0.993834853 -0.107707888 0.020733342 -0.208429113 0.110827371 0.971737921 -0.141349390
0.969837487 0.034194551 0.241342127 0.149330422 0.007542905 0.985427022 -0.169931486 0.014544130 -0.243635789 0.166626349 0.955446124 -0.129670188
0.960161746 0.067888588 0.271073073 0.126748607 -0.012022039 0.979178250 -0.202646196 0.006563704 -0.279186219 0.191314265 0.940985620 -0.145242736
0.951674223 0.086404622 0.294703871 0.125203073 -0.025676673 0.978632033 -0.204009905 0.004405180 -0.306034058 0.186583966 0.933557510 -0.145040765
0.937122405 0.086534351 0.338102698 0.129570350 -0.023695990 0.982313931 -0.185736045 -0.002810170 -0.348195523 0.166045725 0.922598898 -0.149547771
0.911957979 0.085766628 0.401219010 0.120411284 -0.020193413 0.986104250 -0.164895713 -0.001965521 -0.409786344 0.142275989 0.901017606 -0.149676442
0.886834562 0.078044407 0.455448717 0.111173883 -0.011226387 0.988982022 -0.147609532 -0.005246486 -0.461950690 0.125792205 0.877939582 -0.154599398
0.858245969 0.071564004 0.508224845 0.089170024 0.009779006 0.987771153 -0.155603677 -0.010424582 -0.513145447 0.138516158 0.847050786 -0.165121421
0.829980910 0.086807869 0.550995588 0.077098571 0.028659074 0.979874492 -0.197546601 -0.013445472 -0.557055116 0.179750934 0.810789227 -0.169636235
0.804194629 0.116278224 0.582881093 0.043796707 0.039306890 0.968125641 -0.247361466 -0.017259225 -0.593064904 0.221838012 0.773990929 -0.202611730
0.773917675 0.131499425 0.619483113 0.024974149 0.061846357 0.957834125 -0.280586571 -0.023488244 -0.630259037 0.255463690 0.733152032 -0.220071882
0.742773652 0.137218714 0.655330718 0.016208086 0.100480303 0.944843829 -0.311727166 -0.020299163 -0.661960006 0.297390580 0.688017368 -0.231851816
0.708874583 0.133491561 0.692587078 -0.011084415 0.147757694 0.932034731 -0.330876023 -0.027142825 -0.689684331 0.336884648 0.640971303 -0.262124956
0.696779728 0.128631413 0.705657184 -0.019204166 0.160819530 0.930727899 -0.328455031 -0.027916584 -0.699024439 0.342344254 0.627825856 -0.268519700
0.691449821 0.128894970 0.710832775 -0.022511192 0.163237914 0.930630207 -0.327537477 -0.026626211 -0.703740418 0.342510611 0.622443557 -0.270282388
0.682320476 0.119148806 0.721278310 -0.038001675 0.171997502 0.932769597 -0.316792935 -0.028675433 -0.710531950 0.340212405 0.615954518 -0.286529124
0.676210284 0.106381886 0.728987336 -0.044781640 0.186938569 0.932355046 -0.309464216 -0.027054552 -0.712596416 0.345538735 0.610581219 -0.293376833
0.680770576 0.101451188 0.725437164 -0.037294060 0.196357697 0.928840339 -0.314164370 -0.027284397 -0.705687702 0.356319010 0.612406492 -0.288258135
0.706425190 0.112182446 0.698840916 -0.019840389 0.186297342 0.923072696 -0.336496770 -0.026318111 -0.682829976 0.367902011 0.631182551 -0.267653227
0.749591172 0.122456856 0.650474787 0.008104134 0.172332227 0.912737489 -0.370421290 -0.019993568 -0.639073372 0.389762312 0.663076639 -0.236571297
0.787945271 0.132796437 0.601254880 0.022987399 0.146785915 0.907805204 -0.392865986 -0.023148542 -0.597993493 0.397812605 0.695808113 -0.211204499
0.827671289 0.134977132 0.544739783 0.045595292 0.120796435 0.905049026 -0.407792270 -0.031842180 -0.548058808 0.403320581 0.732778311 -0.184142530
0.853114247 0.141415775 0.502192855 0.059056338 0.094640918 0.904647231 -0.415519476 -0.033896789 -0.513068438 0.402013570 0.758383751 -0.162751734
0.875084937 0.146737784 0.461188048 0.079113483 0.063423589 0.909939766 -0.409862250 -0.035552993 -0.479795605 0.387914479 0.786967933 -0.142442480
0.894958675 0.149302334 0.420425683 0.126223326 0.035331327 0.915666580 -0.400382876 -0.034096166 -0.444747835 0.373180330 0.814208686 -0.114757821
0.910183668 0.142121866 0.389059216 0.137982979 0.018572593 0.924343586 -0.381108880 -0.034923885 -0.413788319 0.354104906 0.838682890 -0.095697403
0.926911175 0.126278639 0.353396922 0.153605700 0.009838196 0.933186412 -0.359257996 -0.036406096 -0.375151813 0.336477041 0.863738596 -0.077514984
0.942012131 0.101862065 0.319745541 0.151307240 0.007695995 0.946010053 -0.324045986 -0.040686075 -0.335490495 0.307716012 0.890368998 -0.067419931
0.951230049 0.076608516 0.298818648 0.158788502 0.012493360 0.958311081 -0.285453558 -0.041292723 -0.308229387 0.275265247 0.910617173 -0.055924945
0.961341560 0.051558480 0.270488650 0.172716856 0.018591531 0.967919052 -0.250573397 -0.033222623 -0.274730295 0.245915413 0.929542303 -0.024089044
0.970950782 0.013348910 0.238906667 0.180108353 0.036382020 0.978597760 -0.202540874 -0.038728114 -0.236497223 0.205349132 0.949684560 -0.002644067
0.972700715 -0.020944322 0.231116056 0.195345357 0.060061309 0.984706044 -0.163544163 -0.043372780 -0.224156052 0.172960654 0.959082186 0.014005227
0.975160182 -0.039072499 0.218027368 0.194479495 0.070170499 0.988114536 -0.136768952 -0.041041385 -0.210092112 0.148670718 0.966311693 0.014590757
0.982123792 -0.036109716 0.184740245 0.215816543 0.058255892 0.991551995 -0.115891568 -0.047017209 -0.178994760 0.124582075 0.975930393 0.055640891
0.987487257 -0.017959068 0.156672716 0.179237038 0.035451137 0.993345737 -0.109578647 -0.047349487 -0.153662249 0.113761745 0.981552958 0.054924667
0.993228972 0.001232492 0.116166435 0.161726177 0.010550326 0.994854748 -0.100760952 -0.063481480 -0.115692914 0.101304293 0.988105536 0.128912166
0.996586144 0.024641562 0.078796498 0.118491314 -0.017939040 0.996247947 -0.084665030 -0.075533822 -0.080587134 0.082962461 0.993288934 0.167915106
0.997694969 0.049331788 0.046594921 0.097931623 -0.046211638 0.996760845 -0.065819979 -0.065316752 -0.049691014 0.063515037 0.996743023 0.201411113
0.997037113 0.076907679 -0.001497243 0.085988358 -0.076884791 0.995755374 -0.050595615 -0.056025635 -0.002400303 0.050560817 0.998718083 0.249182865
0.992442071 0.100797683 -0.069989510 0.028211562 -0.103396595 0.994039893 -0.034551147 -0.061515979 0.066089690 0.041526690 0.996949196 0.245719209
0.980667174 0.120654345 -0.154059887 0.003752172 -0.126109391 0.991672814 -0.026104867 -0.084858611 0.149627328 0.045028582 0.987716615 0.322026640
0.967093170 0.141911581 -0.211167872 -0.068731382 -0.150223777 0.988366187 -0.023771562 -0.109106444 0.205337733 0.054711748 0.977160692 0.363695890
0.955332041 0.151430070 -0.253790617 -0.165843189 -0.162087321 0.986542284 -0.021494256 -0.110759594 0.247120291 0.061670389 0.967020333 0.372142851
0.934168100 0.165036142 -0.316374779 -0.175203025 -0.180629522 0.983339787 -0.020392714 -0.110216439 0.307738364 0.076196842 0.948415041 0.401441753
0.909881890 0.172186792 -0.377447605 -0.205234215 -0.194477841 0.980672538 -0.021441419 -0.126995578 0.366460562 0.092914358 0.925782681 0.446975559
0.877956688 0.175716609 -0.445326567 -0.249656200 -0.207529649 0.977952063 -0.023262978 -0.138940275 0.431420356 0.112842336 0.895066023 0.483594358
0.838554144 0.181042939 -0.513858378 -0.248052418 -0.219543055 0.975493848 -0.014580826 -0.182227299 0.498625934 0.125040829 0.857751131 0.552603424
0.808472693 0.172497794 -0.562686801 -0.230977282 -0.214090049 0.976779819 -0.008163673 -0.165620968 0.548212886 0.127065748 0.826629877 0.591107965
0.793728828 0.157499164 -0.587527454 -0.268678308 -0.194809645 0.980841041 -0.000245756 -0.149557829 0.576232314 0.114651084 0.809204221 0.582118332
0.781525433 0.151248351 -0.605261922 -0.342359185 -0.169004485 0.985218227 0.027973576 -0.261339545 0.600546002 0.080429912 0.795534730 0.608499348
0.761530519 0.141304821 -0.632537961 -0.374670625 -0.155519009 0.987270951 0.033316068 -0.232980043 0.629194021 0.073000461 0.773812532 0.641957700
0.729570866 0.128838316 -0.671659887 -0.397767156 -0.140132234 0.989419520 0.037576664 -0.216627419 0.669394732 0.066706359 0.739906073 0.721768737
0.700286150 0.133185938 -0.701327920 -0.417918831 -0.135082707 0.989415109 0.053013183 -0.246837676 0.700965047 0.057612874 0.710864782 0.757086396
0.672850549 0.135669678 -0.727231741 -0.448071718 -0.131295592 0.989333749 0.063088946 -0.246750966 0.728034139 0.053032868 0.683486581 0.813740373
0.640803456 0.119142860 -0.758403540 -0.483902663 -0.126422837 0.990773976 0.048828166 -0.137415022 0.757224023 0.064590268 0.649953783 0.875393391
0.604023218 0.122684836 -0.787467122 -0.524309814 -0.128344700 0.990157604 0.055817120 -0.142213076 0.786564469 0.067352377 0.613824129 0.918666303
0.561869860 0.119798318 -0.818505168 -0.546602786 -0.131672174 0.989795029 0.054481212 -0.100462861 0.816679120 0.077162988 0.571910143 0.997254133
0.541673303 0.134374470 -0.829779208 -0.601953924 -0.141139716 0.987664759 0.067807563 -0.114092447 0.828655303 0.080385260 0.553957224 0.960638762
0.515691996 0.144848272 -0.844441116 -0.638695955 -0.146586999 0.985989153 0.079608977 -0.111831248 0.844141006 0.082730368 0.529699564 0.967744946
0.490243316 0.158357948 -0.857078969 -0.661029696 -0.147873893 0.984211802 0.097264752 -0.130807132 0.858949900 0.079056188 0.505920291 0.986987114
0.468000829 0.168710545 -0.867474556 -0.710953176 -0.161445305 0.981410801 0.103769988 -0.113591343 0.868856013 0.091485247 0.486538589 0.983443558
0.468000829 0.168710545 -0.867474556 -0.710953176 -0.161445305 0.981410801 0.103769988 -0.113591343 0.868856013 0.091485247 0.486538589 0.983443558
0.468000829 0.168710545 -0.867474556 -0.710953176 -0.161445305 0.981410801 0.103769988 -0.113591343 0.868856013 0.091485247 0.486538589 0.983443558
0.468000829 0.168710545 -0.867474556 -0.710953176 -0.161445305 0.981410801 0.103769988 -0.113591343 0.868856013 0.091485247 0.486538589 0.983443558
0.468000829 0.168710545 -0.867474556 -0.710953176 -0.161445305 0.981410801 0.103769988 -0.113591343 0.868856013 0.091485247 0.486538589 0.983443558
0.468000829 0.168710545 -0.867474556 -0.710953176 -0.161445305 0.981410801 0.103769988 -0.113591343 0.868856013 0.091485247 0.486538589 0.983443558
0.468000829 0.168710545 -0.867474556 -0.710953176 -0.161445305 0.981410801 0.103769988 -0.113591343 0.868856013 0.091485247 0.486538589 0.983443558
0.468000829 0.168710545 -0.867474556 -0.710953176 -0.161445305 0.981410801 0.103769988 -0.113591343 0.868856013 0.091485247 0.486538589 0.983443558
0.468000829 0.168710545 -0.867474556 -0.710953176 -0.161445305 0.981410801 0.103769988 -0.113591343 0.868856013 0.091485247 0.486538589 0.983443558
0.468000829 0.168710545 -0.867474556 -0.710953176 -0.161445305 0.981410801 0.103769988 -0.113591343 0.868856013 0.091485247 0.486538589 0.983443558
0.468000829 0.168710545 -0.867474556 -0.710953176 -0.161445305 0.981410801 0.103769988 -0.113591343 0.868856013 0.091485247 0.486538589 0.983443558
0.468000829 0.168710545 -0.867474556 -0.710953176 -0.161445305 0.981410801 0.103769988 -0.113591343 0.868856013 0.091485247 0.486538589 0.983443558
0.468000829 0.168710545 -0.867474556 -0.710953176 -0.161445305 0.981410801 0.103769988 -0.113591343 0.868856013 0.091485247 0.486538589 0.983443558
0.468000829 0.168710545 -0.867474556 -0.710953176 -0.161445305 0.981410801 0.103769988 -0.113591343 0.868856013 0.091485247 0.486538589 0.983443558
0.468000829 0.168710545 -0.867474556 -0.710953176 -0.161445305 0.981410801 0.103769988 -0.113591343 0.868856013 0.091485247 0.486538589 0.983443558
0.468000829 0.168710545 -0.867474556 -0.710953176 -0.161445305 0.981410801 0.103769988 -0.113591343 0.868856013 0.091485247 0.486538589 0.983443558
0.468000829 0.168710545 -0.867474556 -0.710953176 -0.161445305 0.981410801 0.103769988 -0.113591343 0.868856013 0.091485247 0.486538589 0.983443558
0.468000829 0.168710545 -0.867474556 -0.710953176 -0.161445305 0.981410801 0.103769988 -0.113591343 0.868856013 0.091485247 0.486538589 0.983443558
0.468000829 0.168710545 -0.867474556 -0.710953176 -0.161445305 0.981410801 0.103769988 -0.113591343 0.868856013 0.091485247 0.486538589 0.983443558
0.468000829 0.168710545 -0.867474556 -0.710953176 -0.161445305 0.981410801 0.103769988 -0.113591343 0.868856013 0.091485247 0.486538589 0.983443558
0.468000829 0.168710545 -0.867474556 -0.710953176 -0.161445305 0.981410801 0.103769988 -0.113591343 0.868856013 0.091485247 0.486538589 0.983443558
0.468000829 0.168710545 -0.867474556 -0.710953176 -0.161445305 0.981410801 0.103769988 -0.113591343 0.868856013 0.091485247 0.486538589 0.983443558
0.468000829 0.168710545 -0.867474556 -0.710953176 -0.161445305 0.981410801 0.103769988 -0.113591343 0.868856013 0.091485247 0.486538589 0.983443558
0.468000829 0.168710545 -0.867474556 -0.710953176 -0.161445305 0.981410801 0.103769988 -0.113591343 0.868856013 0.091485247 0.486538589 0.983443558
0.468000829 0.168710545 -0.867474556 -0.710953176 -0.161445305 0.981410801 0.103769988 -0.113591343 0.868856013 0.091485247 0.486538589 0.983443558
0.468000829 0.168710545 -0.867474556 -0.710953176 -0.161445305 0.981410801 0.103769988 -0.113591343 0.868856013 0.091485247 0.486538589 0.983443558
0.386302173 0.277002096 -0.879795730 -0.785571575 -0.388455063 0.913983703 0.117202587 -0.134004831 0.836584330 0.296485484 0.460676730 0.923196435
0.437756419 0.285018057 -0.852721572 -0.735406876 -0.376693666 0.919309556 0.113893874 -0.168814927 0.816376865 0.271357059 0.509798169 0.912978053
0.480092645 0.276745051 -0.832420170 -0.686464310 -0.367076874 0.925234675 0.095892899 -0.177240118 0.796721876 0.259524643 0.545785069 0.913167357
0.504606128 0.267954409 -0.820715010 -0.648767352 -0.362318099 0.928579926 0.080404431 -0.161545932 0.783644259 0.256787300 0.565651894 0.906827152
0.504606128 0.267954409 -0.820715010 -0.648767352 -0.362318099 0.928579926 0.080404431 -0.161545932 0.783644259 0.256787300 0.565651894 0.906827152
0.557427287 0.272181988 -0.784341753 -0.654176056 -0.360522360 0.930367410 0.066634536 -0.212418064 0.747862697 0.245628774 0.616739810 0.810371637
0.557427287 0.272181988 -0.784341753 -0.654176056 -0.360522360 0.930367410 0.066634536 -0.212418064 0.747862697 0.245628774 0.616739810 0.810371637
0.557427287 0.272181988 -0.784341753 -0.654176056 -0.360522360 0.930367410 0.066634536 -0.212418064 0.747862697 0.245628774 0.616739810 0.810371637
0.569840074 0.235003054 -0.787436366 -0.571979463 -0.344039559 0.938440025 0.031099319 -0.136071280 0.746270180 0.253187567 0.615611017 0.862700701
0.564358950 0.232367694 -0.792151690 -0.581504524 -0.348147929 0.937055349 0.026839504 -0.161900178 0.748526573 0.260638833 0.609733880 0.864895105
0.574682593 0.241969034 -0.781787038 -0.636617601 -0.362548679 0.931708276 0.021865461 -0.190729201 0.733688235 0.270870149 0.623162091 0.790920973
0.575079203 0.243894264 -0.780896664 -0.616373956 -0.369621545 0.929008961 0.017951524 -0.208870232 0.729838312 0.278312653 0.624402285 0.793735266
0.575079203 0.243894264 -0.780896664 -0.616373956 -0.369621545 0.929008961 0.017951524 -0.208870232 0.729838312 0.278312653 0.624402285 0.793735266
0.581336379 0.228204235 -0.781006277 -0.539601982 -0.360653222 0.932691097 0.004075773 -0.219526887 0.729367733 0.279303044 0.624509871 0.869841814
0.601147294 0.216036841 -0.769382894 -0.508834004 -0.366074026 0.930254698 -0.024818789 -0.136525571 0.710360289 0.296570808 0.638305604 0.841823459
0.615360975 0.209437951 -0.759912312 -0.475158483 -0.362883955 0.931089938 -0.037239887 -0.136857599 0.699747264 0.298675925 0.648958027 0.834224522
0.628156185 0.206628948 -0.750149488 -0.501669347 -0.358181208 0.932659984 -0.043030336 -0.141940266 0.690743089 0.295719206 0.659866691 0.807886541
0.637550175 0.192708760 -0.745917678 -0.497249246 -0.351491809 0.934327304 -0.059042212 -0.133548245 0.685553312 0.299826294 0.663416088 0.789482713
0.646671295 0.186530784 -0.739609778 -0.493968964 -0.346331656 0.935729444 -0.066819541 -0.150919080 0.679610729 0.299360514 0.669710875 0.768218994
0.653255284 0.174524143 -0.736748874 -0.481703341 -0.341661602 0.936313510 -0.081144296 -0.133278579 0.675666273 0.304726720 0.671279907 0.765108705
0.669253826 0.160102263 -0.725580275 -0.456947625 -0.332373917 0.937871039 -0.099626824 -0.123340994 0.664550245 0.307839543 0.680887580 0.748951316
0.694008768 0.154772326 -0.703133941 -0.431876481 -0.322475731 0.940002143 -0.111379437 -0.134378091 0.643708944 0.304041952 0.702280045 0.709639072
0.723197222 0.143332049 -0.675604701 -0.383945554 -0.306852400 0.943056822 -0.128395423 -0.117961459 0.618730426 0.300166130 0.725997925 0.677484989
0.757780015 0.143815875 -0.636464059 -0.366797388 -0.288947016 0.948519289 -0.129694909 -0.176409155 0.585046291 0.282184571 0.760324121 0.602968454
0.790796995 0.127980322 -0.598549247 -0.345514357 -0.261234403 0.954927683 -0.140959889 -0.149432003 0.553531170 0.267832309 0.788586795 0.558351219
0.820787787 0.113600522 -0.559823453 -0.313413441 -0.234186575 0.960800827 -0.148386106 -0.148190290 0.521022141 0.252896637 0.815217316 0.499151409
0.842337132 0.096000068 -0.530332088 -0.294750899 -0.209128961 0.965128064 -0.157457426 -0.114962377 0.496722490 0.243540034 0.833039641 0.457122028
0.854969263 0.093330286 -0.510212719 -0.240757182 -0.198630214 0.967603862 -0.155848727 -0.177610874 0.479138374 0.234589517 0.845809817 0.418431997
0.873613238 0.082316115 -0.479608178 -0.283005685 -0.183531567 0.968538880 -0.168073118 -0.159029216 0.450684071 0.234854132 0.861235976 0.357810229
0.884357452 0.074786901 -0.460780650 -0.254929096 -0.175488412 0.967940807 -0.179706335 -0.141830474 0.432568729 0.239786297 0.869129956 0.300768733
0.896763623 0.066242322 -0.437523633 -0.241550848 -0.160615504 0.970028639 -0.182338029 -0.174271613 0.412331939 0.233787194 0.880525947 0.287679285
0.909168661 0.045789182 -0.413902968 -0.215454951 -0.139907345 0.969748199 -0.200035781 -0.083082788 0.392222196 0.239774331 0.888070941 0.249294713
0.926765203 0.033073358 -0.374182314 -0.231619820 -0.116319351 0.972423196 -0.202145934 -0.098420247 0.357177913 0.230866462 0.905055046 0.203036875
0.940392017 0.048761066 -0.336578786 -0.204899907 -0.121516742 0.972513378 -0.198623881 -0.123499230 0.317642242 0.227684259 0.920469046 0.131059811
0.956096828 0.041899122 -0.290040255 -0.278185904 -0.101951845 0.975457489 -0.195162654 -0.142598554 0.274744779 0.216164529 0.936903536 0.207130715
0.966278195 0.048704978 -0.252852321 -0.270119935 -0.099279262 0.976497412 -0.191301808 -0.150216609 0.237592310 0.209953755 0.948403597 0.171736598
0.972837389 0.055644426 -0.224702165 -0.258588493 -0.098962031 0.977478623 -0.186392203 -0.155606836 0.209269881 0.203566283 0.956434488 0.136630580
0.978741467 0.063415699 -0.195047766 -0.268402278 -0.100852616 0.976888895 -0.188459158 -0.144380420 0.178588733 0.204123870 0.962517262 0.111460112
0.981381238 0.071415447 -0.178299442 -0.267005891 -0.104852237 0.976976335 -0.185804412 -0.146779835 0.160925031 0.201040059 0.966274321 0.101265043
0.982584298 0.080653809 -0.167400852 -0.263929129 -0.111857332 0.976109743 -0.186273202 -0.145630121 0.148377970 0.201754138 0.968131840 0.086137652
0.983259082 0.089367710 -0.158792391 -0.264475077 -0.118627682 0.975442231 -0.185580119 -0.145992473 0.138307929 0.201310501 0.969713867 0.084476948
0.983233571 0.096263267 -0.154871240 -0.266436785 -0.124852538 0.974393606 -0.186999857 -0.147046193 0.132904321 0.203200608 0.970075250 0.079395011
0.982987404 0.101799540 -0.152881101 -0.266209960 -0.130078807 0.973487258 -0.188154534 -0.147628382 0.129673749 0.204840124 0.970167637 0.078202233
0.982584536 0.106077775 -0.152561903 -0.265424550 -0.134147972 0.973081291 -0.187395588 -0.147453740 0.128576621 0.204597875 0.970364749 0.078833804
0.982650340 0.111491241 -0.148216128 -0.266916573 -0.138216928 0.973087847 -0.184380352 -0.147348493 0.123670526 0.201667383 0.971615076 0.079370268
0.983280420 0.120327316 -0.136678174 -0.267515898 -0.144238561 0.972802937 -0.181244701 -0.147374809 0.111152239 0.197928637 0.973893940 0.070688568
0.982809484 0.127886459 -0.133156225 -0.269027025 -0.151850849 0.970159769 -0.189027250 -0.149285644 0.105008781 0.205997661 0.972901881 0.066691369
0.981817007 0.130086631 -0.138249278 -0.270743042 -0.156836361 0.966181815 -0.204682946 -0.148206592 0.106947415 0.222643703 0.969016016 0.065215439
0.980868280 0.138547689 -0.136755288 -0.273144513 -0.165525049 0.963306844 -0.211284965 -0.149788722 0.102464274 0.229879141 0.967810214 0.059710886
0.981601715 0.150539696 -0.117455713 -0.274903625 -0.173886180 0.958904028 -0.224202350 -0.152374953 0.078877397 0.240501344 0.967438638 0.039374635
0.982116818 0.163441136 -0.093453303 -0.270070255 -0.181750759 0.952565610 -0.244101226 -0.146888241 0.049124222 0.256721109 0.965236306 0.013536865
0.981328189 0.174140781 -0.081669599 -0.266374141 -0.189877316 0.944831610 -0.266907841 -0.146008879 0.030684493 0.277431399 0.960255325 -0.001525489
0.980269074 0.182716787 -0.075413264 -0.269773543 -0.196789652 0.938021660 -0.285287887 -0.144574270 0.018612398 0.294499427 0.955470383 -0.014810562
0.979464829 0.192291319 -0.060602609 -0.253457308 -0.201598108 0.930194855 -0.306750268 -0.134526283 -0.002613177 0.312668473 0.949858725 -0.034302913
0.978124082 0.204566985 -0.037757352 -0.250850409 -0.205642149 0.923493385 -0.323838383 -0.134594768 -0.031377971 0.324518621 0.945358694 -0.059274629
0.976352513 0.215658829 -0.015067102 -0.246247932 -0.207901582 0.917553782 -0.338927716 -0.131316677 -0.059267867 0.334045410 0.940691769 -0.084780723
0.973257542 0.229694590 0.003183238 -0.218159944 -0.214180321 0.912356079 -0.348902822 -0.144546151 -0.083045334 0.338890523 0.937153518 -0.091634057
0.970339417 0.239991605 0.029077204 -0.216871217 -0.214024529 0.908756137 -0.358267725 -0.140483752 -0.112405322 0.341418058 0.933165967 -0.116339266
0.967387080 0.247090682 0.055753637 -0.210017115 -0.210354671 0.906283200 -0.366608381 -0.136399046 -0.141114101 0.342924178 0.928703308 -0.139178261
0.963926196 0.256375968 0.071537800 -0.150130853 -0.212169170 0.902380407 -0.375091761 -0.125790656 -0.160718828 0.346382678 0.924223185 -0.132534295
0.960605741 0.255622178 0.109059297 -0.144894049 -0.197999343 0.904854774 -0.376874149 -0.127889097 -0.195020229 0.340433806 0.919821680 -0.170251876
0.956382573 0.250615537 0.150080740 -0.134163186 -0.179270849 0.909184635 -0.375826150 -0.128657982 -0.230638981 0.332528502 0.914456367 -0.207966223
0.952112854 0.243218780 0.185271949 -0.123971038 -0.161383823 0.914455593 -0.371114820 -0.126400307 -0.259685069 0.323443294 0.909916520 -0.246337801
0.947845519 0.234386876 0.215989918 -0.121155307 -0.144497439 0.920015693 -0.364268690 -0.127463087 -0.284093887 0.314060450 0.905901074 -0.278267801
0.943867803 0.229124203 0.237940580 -0.063769713 -0.132567018 0.922519803 -0.362468123 -0.094481662 -0.302555114 0.310578912 0.901111066 -0.287988693
0.935195327 0.215181813 0.281258762 -0.048672162 -0.109497353 0.931004047 -0.348197997 -0.082939684 -0.336778909 0.294836044 0.894232452 -0.323130190
0.924656153 0.196805105 0.326004148 -0.024564760 -0.083612524 0.940132141 -0.330394506 -0.059269052 -0.371510297 0.278243273 0.885754347 -0.356618792
0.916678190 0.176353380 0.358609229 -0.005594838 -0.061001103 0.948594570 -0.310559452 -0.052260146 -0.394942969 0.262807518 0.880313694 -0.397918969
0.906677246 0.163704112 0.388763875 -0.009846107 -0.045725603 0.954335034 -0.295218289 -0.053908087 -0.419339418 0.249891251 0.872759342 -0.416287303
0.894040823 0.157376543 0.419432551 -0.027980089 -0.035825457 0.958381593 -0.283233523 -0.054448761 -0.446550757 0.238195956 0.862470329 -0.420623004
0.882248998 0.149826571 0.446305662 -0.035661742 -0.027046755 0.962571859 -0.269673645 -0.054503750 -0.470005542 0.225848168 0.853280365 -0.425588161
